a:1.3600336,103.9887387
b:1.357997,103.989746
c:1.3561199,103.988386
d:1.351988,103.987357
e:1.349364,103.987048
f:1.3476129,103.9847106
g:1.349567,103.983744
h:1.351684,103.984615
i:1.354402,103.986251
j:1.358783,103.988130